# mesh.msh; created by JIGSAW's PYTHON interface 
MSHID=3;ellipsoid-mesh
RADII=6.3712200000000001;6.3712200000000001;6.3712200000000001
